com.google.gson.stream.JsonReader;9;10
total;9;10
